0   67112
1   317
2   132
3   581
4   781
5   3000
6   456
7   520
8   690
9   611
10   10005
11   558
12   544
13   317
14   195
15   2097
16   662
17   336
18   351
19   330
20   9121
21   269
22   1421
23   289
24   600
25   1918
26   490
27   291
28   538
29   126
30   10803
31   261
32   474
33   312
34   182
35   1285
36   902
37   287
38   176
39   119
40   6104
41   79
42   197
43   170
44   320
45   1351
46   284
47   351
48   302
49   173
50   9753
51   140
52   441
53   80
54   134
55   1477
56   445
57   1263
58   364
59   125
60   7597
61   171
62   130
63   192
64   588
65   1121
66   151
67   204
68   331
69   127
70   7337
71   724
72   273
73   354
74   60
75   1516
76   328
77   105
78   268
79   102
80   6664
81   77
82   73
83   113
84   455
85   1796
86   57
87   74
88   357
89   198
90   6699
91   86
92   637
93   114
94   138
95   5064
96   761
97   25763
98   490
99   679
100   93567
Compile Error:  15226
